n = 662
nnz = 2474
flag = 0
iterations = 1
sol. norm = 0.990000
tol = 0.000010
maxit = 100
