n = 662
nnz = 2474
flag = 0
iterations = 669
sol. norm = 1.000000
tol = 1.000000e-10
maxit = 100000
