n = 662
nnz = 2474
flag = 1
iterations = 800
sol. norm = 0.990004
tol = 0.000010
maxit = 800
