n = 662
nnz = 2474
flag = 0
iterations = 484
sol. norm = 205.126577
tol = 0.000010
maxit = 500
