n = 23052
nnz = 1143140
flag = 1
iterations = 93737
sol. norm = 1.299849
tol = 0.000000
maxit = 100000
