n = 1182
nnz = 32632
flag = 3
iterations = 89405
sol. norm = 43779.704893
k = 5
tol = 1.000000e-05
maxit = 100000
