n = 9540
nnz = 207308
flag = 1
iterations = 7500075
sol. norm = 0.734652
k = 75
tol = 0.000000
maxit = 100000
