n = 146689
nnz = 3636643
flag = 0
iterations = 214
sol. norm = 1.000000
tol = 0.000000
maxit = 100000
