n = 16129
nnz = 253009
flag = 0
iterations = 1531
sol. norm = 304.524290
k = 5
tol = 0.000000
maxit = 100000
