n = 289
nnz = 1377
flag = 0
iterations = 10
sol. norm = 0.577351
tol = 0.000010
maxit = 100
