n = 289
nnz = 1377
flag = 0
iterations = 1
sol. norm = 1.042151
tol = 0.000010
maxit = 100
