n = 289
nnz = 1377
flag = 1
iterations = 100
sol. norm = 1.055585
tol = 0.000010
maxit = 100
