n = 289
nnz = 1377
flag = 0
iterations = 19
sol. norm = 1.000000
tol = 1.000000e-10
maxit = 100000
