n = 430
nnz = 1544
flag = 1
iterations = 500005
sol. norm = 0.030571
k = 5
tol = 0.000010
maxit = 100000
