n = 36417
nnz = 4344765
flag = 3
iterations = 5907
sol. norm = 1.000001
tol = 1.000000e-07
maxit = 100000
