n = 362
nnz = 5786
flag = 0
iterations = 1
sol. norm = 1.052821
tol = 0.000010
maxit = 100
