n = 362
nnz = 5786
flag = 1
iterations = 600
sol. norm = 1.678166
tol = 0.000010
maxit = 600
