n = 362
nnz = 5786
flag = 0
iterations = 3633
sol. norm = 1.031500
tol = 0.000000
maxit = 100000
