n = 362
nnz = 5786
flag = 0
iterations = 0
sol. norm = 0.000000
tol = 0.000010
maxit = 100
