n = 362
nnz = 5786
flag = 0
iterations = 3658
sol. norm = 1.031502
tol = 0.000000
maxit = 5000
