n = 5489
nnz = 262411
flag = 0
iterations = 6467
sol. norm = 1.000000
tol = 0.000000
maxit = 100000
