n = 5489
nnz = 262411
flag = 0
iterations = 6339
sol. norm = 1.000000
tol = 1.000000e-10
maxit = 100000
