n = 5489
nnz = 262411
flag = 0
iterations = 1
sol. norm = 0.592740
tol = 0.000010
maxit = 1000
